2.00E-03
4.00E-03
7.00E-03
1.00E-02
1.30E-02
1.60E-02
1.90E-02
2.20E-02
2.50E-02
2.80E-02
3.10E-02
3.40E-02
3.70E-02
4.00E-02
4.30E-02
4.60E-02
4.90E-02
5.20E-02
5.50E-02
5.80E-02
6.10E-02
6.40E-02
6.70E-02
7.00E-02
7.30E-02
7.60E-02
7.90E-02
8.20E-02
8.50E-02
8.80E-02
9.10E-02
9.40E-02
9.70E-02
0.1
0.103
0.106
0.109
0.112
0.115
0.118
0.121
0.124
0.127
0.13
0.133
0.136
0.139
0.142
0.145
0.148
0.151
0.154
0.157
0.16
0.163
0.166
0.169
0.172
0.175
0.178
0.181
0.184
0.187
0.19
0.193
0.196
0.199
0.202
0.205
0.208
0.211
0.214
0.217
0.22
0.223
0.226
0.229
0.232
0.235
0.238
0.241
0.244
0.247
0.25
0.253
0.256
0.259
0.262
0.265
0.268
0.271
0.274
0.277
0.28
0.283
0.286
0.289
0.292
0.295
0.298
0.301
0.304
0.307
0.31
0.313
0.316
0.319
0.322
0.325
0.328
0.331
0.334
0.337
0.34
0.343
0.346
0.349
0.352
0.355
0.358
0.361
0.364
0.367
0.37
0.373
0.376
0.379
0.382
0.385
0.388
0.391
0.394
0.397
0.4
0.403
0.406
0.409
0.412
0.415
0.418
0.421
0.424
0.427
0.43
0.433
0.436
0.439
0.442
0.445
0.448
0.451
0.454
0.457
0.46
0.463
0.466
0.469
0.472
0.475
0.478
0.481
0.484
0.487
0.49
0.493
0.496
0.499
0.502
0.505
0.508
0.511
0.514
0.517
0.52
0.523
0.526
0.529
0.532
0.535
0.538
0.541
0.544
0.547
0.55
0.553
0.556
0.559
0.562
0.565
0.568
0.571
0.574
0.577
0.58
0.583
0.586
0.589
0.592
0.595
0.598
0.601
0.604
0.607
0.61
0.613
0.616
0.619
0.622
0.625
0.628
0.631
0.634
0.637
0.64
0.643
0.646
0.649
0.652
0.655
0.658
0.661
0.664
0.667
0.67
0.673
0.676
0.679
0.682
0.685
0.688
0.691
0.694
0.697
0.7
0.703
0.706
0.709
0.712
0.715
0.718
0.721
0.724
0.727
0.73
0.733
0.736
0.739
0.742
0.745
0.748
0.751
0.754
0.757
0.76
0.763
0.766
0.769
0.772
0.775
0.778
0.781
0.784
0.787
0.79
0.793
0.796
0.799
0.802
0.805
0.808
0.811
0.814
0.817
0.82
0.823
0.826
0.829
0.832
0.835
0.838
0.841
0.844
0.847
0.85
0.853
0.856
0.859
0.862
0.865
0.868
0.871
0.874
0.877
0.88
0.883
0.886
0.889
0.892
0.895
0.898
0.901
0.904
0.907
0.91
0.913
0.916
0.919
0.922
0.925
0.928
0.931
0.934
0.937
0.94
0.943
0.946
0.949
0.952
0.955
0.958
0.961
0.964
0.967
0.97
0.973
0.976
0.979
0.982
0.985
0.988
0.991
0.994
0.997
1
1.003
1.006
1.009
1.012
1.015
1.018
1.021
1.024
1.027
1.03
1.033
1.036
1.039
1.042
1.045
1.048
1.051
1.054
1.057
1.06
1.063
1.066
1.069
1.072
1.075
1.078
1.081
1.084
1.087
1.09
1.093
1.096
1.099
1.102
1.105
1.108
1.111
1.114
1.117
1.12
1.123
1.126
1.129
1.132
1.135
1.138
1.141
1.144
1.147
1.15
1.153
1.156
1.159
1.162
1.165
1.168
1.171
1.174
1.177
1.18
1.183
1.186
1.189
1.192
1.195
1.198
1.201
1.204
1.207
1.21
1.213
1.216
1.219
1.222
1.225
1.228
1.231
1.234
1.237
1.24
1.243
1.246
1.249
1.252
1.255
1.258
1.261
1.264
1.267
1.27
1.273
1.276
1.279
1.282
1.285
1.288
1.291
1.294
1.297
1.3
1.303
1.306
1.309
1.312
1.315
1.318
1.321
1.324
1.327
1.33
1.333
1.336
1.339
1.342
1.345
1.348
1.351
1.354
1.357
1.36
1.363
1.366
1.369
1.372
1.375
1.378
1.381
1.384
1.387
1.39
1.393
1.396
1.399
1.402
1.405
1.408
1.411
1.414
1.417
1.42
1.423
1.426
1.429
1.432
1.435
1.438
1.441
1.444
1.447
1.45
1.453
1.456
1.459
1.462
1.465
1.468
1.471
1.474
1.477
1.48
1.483
1.486
1.489
1.492
1.495
1.498
1.501
1.504
1.507
1.51
1.513
1.516
1.519
1.522
1.525
1.528
1.531
1.534
1.537
1.54
1.543
1.546
1.549
1.552
1.555
1.558
1.561
1.564
1.567
1.57
1.573
1.576
1.579
1.582
1.585
1.588
1.591
1.594
1.597
1.6
1.603
1.606
1.609
1.612
1.615
1.618
1.621
1.624
1.627
1.63
1.633
1.636
1.639
1.642
1.645
1.648
1.651
1.654
1.657
1.66
1.663
1.666
1.669
1.672
1.675
1.678
1.681
1.684
1.687
1.69
1.693
1.696
1.699
1.702
1.705
1.708
1.711
1.714
1.717
1.72
1.723
1.726
1.729
1.732
1.735
1.738
1.741
1.744
1.747
1.75
1.753
1.756
1.759
1.762
1.765
1.768
1.771
1.774
1.777
1.78
1.783
1.786
1.789
1.792
1.795
1.798
1.801
1.804
1.807
1.81
1.813
1.816
1.819
1.822
1.825
1.828
1.831
1.834
1.837
1.84
1.843
1.846
1.849
1.852