1.11E-17
4.18E-17
2.04E-16
3.14E-16
-9.44E-17
-6.86E-16
-1.69E-16
1.61E-15
2.31E-15
1.52E-16
-2.68E-15
-2.54E-15
9.37E-16
3.72E-15
2.41E-15
-1.37E-15
-3.14E-15
-1.10E-15
2.05E-15
2.52E-15
-1.78E-16
-2.45E-15
-1.51E-15
1.62E-15
2.99E-15
6.43E-16
-2.50E-15
-2.70E-15
2.73E-16
2.88E-15
2.25E-15
-4.54E-16
-1.87E-15
-9.05E-16
7.48E-16
9.80E-16
-2.89E-17
-4.19E-16
4.45E-16
1.38E-15
8.85E-16
-5.52E-16
-1.18E-15
-3.19E-16
7.86E-16
6.67E-16
-2.16E-16
-2.64E-16
7.69E-16
1.30E-15
1.66E-16
-1.37E-15
-1.26E-15
7.87E-16
2.51E-15
1.62E-15
-1.05E-15
-2.31E-15
-6.47E-16
1.99E-15
2.39E-15
8.61E-17
-1.84E-15
-1.10E-15
1.29E-15
2.18E-15
3.78E-16
-1.65E-15
-1.29E-15
1.09E-15
2.62E-15
1.33E-15
-1.16E-15
-1.83E-15
-9.20E-17
1.85E-15
1.64E-15
-9.16E-17
-8.98E-16
6.35E-17
1.29E-15
8.81E-16
-5.20E-16
-8.04E-16
6.06E-16
1.97E-15
1.37E-15
-5.81E-16
-1.49E-15
-3.94E-16
1.17E-15
1.17E-15
-1.90E-16
-7.09E-16
4.63E-16
1.68E-15
9.75E-16
-1.10E-15
-1.88E-15
-2.40E-16
2.07E-15
2.17E-15
-1.66E-16
-2.06E-15
-1.29E-15
9.66E-16
1.85E-15
3.27E-16
-1.35E-15
-8.94E-16
1.11E-15
1.87E-15
4.75E-17
-2.11E-15
-1.91E-15
5.53E-16
2.34E-15
1.32E-15
-1.14E-15
-1.99E-15
-5.08E-16
1.23E-15
1.06E-15
-4.21E-16
-9.33E-16
1.72E-16
1.27E-15
5.01E-16
-1.30E-15
-1.77E-15
-1.87E-16
1.55E-15
1.27E-15
-6.14E-16
-1.58E-15
-4.96E-16
1.12E-15
1.01E-15
-6.93E-16
-1.53E-15
-3.23E-16
1.50E-15
1.44E-15
-4.98E-16
-1.84E-15
-8.20E-16
1.41E-15
1.96E-15
1.22E-16
-1.69E-15
-1.26E-15
7.81E-16
1.69E-15
1.81E-16
-1.74E-15
-1.56E-15
4.98E-16
1.75E-15
6.06E-16
-1.37E-15
-1.64E-15
5.39E-17
1.51E-15
7.92E-16
-1.10E-15
-1.66E-15
-1.70E-16
1.43E-15
9.48E-16
-9.42E-16
-1.73E-15
-4.46E-16
1.09E-15
7.52E-16
-9.78E-16
-1.60E-15
-1.89E-16
1.56E-15
1.34E-15
-7.11E-16
-1.93E-15
-9.69E-16
9.93E-16
1.33E-15
-2.33E-16
-1.46E-15
-6.99E-16
1.09E-15
1.39E-15
-3.80E-16
-2.00E-15
-1.23E-15
1.04E-15
2.02E-15
3.57E-16
-1.71E-15
-1.67E-15
2.37E-16
1.47E-15
4.27E-16
-1.26E-15
-1.26E-15
5.54E-16
1.81E-15
6.60E-16
-1.50E-15
-1.98E-15
-2.33E-16
1.59E-15
1.22E-15
-6.62E-16
-1.50E-15
-3.71E-16
1.06E-15
6.32E-16
-1.04E-15
-1.52E-15
3.18E-17
1.80E-15
1.37E-15
-8.13E-16
-2.10E-15
-1.02E-15
1.02E-15
1.53E-15
6.89E-17
-1.26E-15
-7.55E-16
8.27E-16
1.13E-15
-4.91E-16
-1.74E-15
-7.67E-16
1.49E-15
2.20E-15
2.51E-16
-2.00E-15
-2.04E-15
-6.68E-17
1.38E-15
6.14E-16
-8.83E-16
-8.47E-16
6.98E-16
1.41E-15
-1.71E-16
-2.27E-15
-2.29E-15
1.04E-17
2.15E-15
1.68E-15
-5.91E-16
-1.78E-15
-8.54E-16
5.99E-16
4.11E-16
-1.03E-15
-1.33E-15
1.92E-16
1.70E-15
9.37E-16
-1.43E-15
-2.78E-15
-1.64E-15
5.41E-16
1.20E-15
-2.01E-16
-1.49E-15
-1.08E-15
3.02E-16
4.71E-16
-1.16E-15
-2.35E-15
-1.38E-15
8.56E-16
1.53E-15
-3.24E-16
-2.38E-15
-2.24E-15
-2.80E-16
9.00E-16
-2.12E-16
-1.83E-15
-1.68E-15
2.37E-17
9.68E-16
-3.63E-16
-2.33E-15
-2.47E-15
-5.16E-16
1.21E-15
5.52E-16
-1.59E-15
-2.45E-15
-1.07E-15
6.29E-16
3.59E-16
-1.43E-15
-2.23E-15
-9.75E-16
6.31E-16
1.82E-16
-1.80E-15
-2.65E-15
-1.18E-15
1.01E-15
1.26E-15
-7.04E-16
-2.27E-15
-1.66E-15
1.87E-17
3.39E-16
-1.20E-15
-2.35E-15
-1.36E-15
7.49E-16
1.30E-15
-4.84E-16
-2.32E-15
-2.01E-15
-4.49E-17
9.89E-16
-2.78E-16
-1.97E-15
-1.86E-15
-1.64E-16
8.24E-16
-3.22E-16
-2.03E-15
-2.08E-15
-2.50E-16
1.31E-15
5.56E-16
-1.43E-15
-2.10E-15
-6.85E-16
8.58E-16
3.78E-16
-1.41E-15
-1.91E-15
-3.05E-16
1.39E-15
8.66E-16
-1.39E-15
-2.56E-15
-1.33E-15
6.74E-16
9.22E-16
-7.55E-16
-1.97E-15
-1.11E-15
6.27E-16
7.42E-16
-1.04E-15
-2.44E-15
-1.52E-15
7.46E-16
1.61E-15
-6.38E-17
-2.03E-15
-1.91E-15
-1.22E-16
9.41E-16
-2.09E-16
-1.71E-15
-1.45E-15
2.74E-16
1.14E-15
-3.02E-16
-2.31E-15
-2.39E-15
-3.86E-16
1.18E-15
4.07E-16
-1.57E-15
-2.19E-15
-7.51E-16
7.23E-16
7.29E-17
-1.76E-15
-2.25E-15
-5.76E-16
1.18E-15
6.89E-16
-1.45E-15
-2.58E-15
-1.38E-15
5.04E-16
5.97E-16
-1.10E-15
-2.11E-15
-1.11E-15
5.85E-16
5.88E-16
-1.32E-15
-2.72E-15
-1.82E-15
3.78E-16
1.14E-15
-5.47E-16
-2.47E-15
-2.24E-15
-3.59E-16
5.63E-16
-7.38E-16
-2.29E-15
-1.94E-15
-7.26E-17
9.60E-16
-3.77E-16
-2.31E-15
-2.38E-15
-5.15E-16
1.03E-15
2.29E-16
-1.72E-15
-2.29E-15
-8.44E-16
5.63E-16
-1.35E-16
-1.99E-15
-2.50E-15
-8.39E-16
8.65E-16
3.00E-16
-1.88E-15
-2.84E-15
-1.40E-15
5.55E-16
5.26E-16
-1.44E-15
-2.74E-15
-1.79E-15
7.03E-17
4.34E-16
-1.11E-15
-2.40E-15
-1.66E-15
2.44E-16
8.13E-16
-8.00E-16
-2.51E-15
-2.10E-15
-1.87E-16
6.19E-16
-7.94E-16
-2.47E-15
-2.08E-15
-1.37E-16
8.04E-16
-6.33E-16
-2.54E-15
-2.57E-15
-6.91E-16
6.86E-16
-2.55E-16
-2.15E-15
-2.48E-15
-7.59E-16
7.44E-16
-1.96E-17
-2.06E-15
-2.78E-15
-1.27E-15
3.95E-16
1.68E-17
-1.81E-15
-2.55E-15
-1.14E-15
5.41E-16
6.68E-17
-1.97E-15
-2.97E-15
-1.56E-15
6.62E-16
1.02E-15
-8.99E-16
-2.65E-15
-2.31E-15
-6.31E-16
9.60E-18
-1.18E-15
-2.28E-15
-1.55E-15
2.89E-16
6.45E-16
-1.17E-15
-2.97E-15
-2.55E-15
-4.28E-16
7.31E-16
-5.09E-16
-2.34E-15
-2.47E-15
-7.46E-16
5.28E-16
-3.10E-16
-2.00E-15
-2.29E-15
-7.59E-16
4.34E-16
-4.79E-16
-2.40E-15
-2.74E-15
-8.21E-16
1.13E-15
6.07E-16
-1.71E-15
-2.96E-15
-1.78E-15
9.15E-17
1.56E-16
-1.40E-15
-2.21E-15
-1.08E-15
4.94E-16
1.15E-16
-2.02E-15
-3.41E-15
-2.32E-15
4.88E-17
9.89E-16
-4.13E-16
-2.05E-15
-1.83E-15
-4.67E-16
-1.44E-16
-1.60E-15
-2.86E-15
-1.94E-15
2.69E-16
1.14E-15
-5.73E-16
-2.74E-15
-2.86E-15
-9.71E-16
5.04E-16
-2.03E-16
-1.84E-15
-2.16E-15
-7.01E-16
4.90E-16
-3.99E-16
-2.29E-15
-2.68E-15
-9.09E-16
9.05E-16
4.25E-16
-1.65E-15
-2.66E-15
-1.41E-15
3.67E-16
2.74E-16
-1.46E-15
-2.39E-15
-1.12E-15
6.45E-16
4.91E-16
-1.55E-15
-2.91E-15
-1.86E-15
3.59E-16
1.05E-15
-5.34E-16
-2.06E-15
-1.61E-15
-1.02E-17
3.94E-16
-1.12E-15
-2.44E-15
-1.60E-15
5.51E-16
1.43E-15
-2.11E-16
-2.32E-15
-2.36E-15
-3.89E-16
1.03E-15
1.69E-16
-1.55E-15
-1.84E-15
-4.06E-16
7.20E-16
-1.15E-16
-1.86E-15
-2.09E-15
-3.47E-16
1.27E-15
5.25E-16
-1.69E-15
-2.62E-15
-1.30E-15
4.29E-16
2.04E-16
-1.51E-15
-2.25E-15
-1.04E-15
5.52E-16
2.58E-16
-1.64E-15
-2.62E-15
-1.36E-15
7.19E-16
9.98E-16
-9.82E-16
-2.83E-15
-2.42E-15
-4.38E-16
5.55E-16
-6.46E-16
-2.17E-15
-1.82E-15
-1.71E-16
3.82E-16
-1.23E-15
-2.94E-15
-2.52E-15
-4.08E-16