-1.45E-17
-3.65E-17
-1.86E-16
-2.47E-16
2.53E-16
9.06E-16
2.67E-16
-1.67E-15
-2.45E-15
-1.39E-16
3.19E-15
3.20E-15
-7.48E-16
-4.11E-15
-2.98E-15
1.43E-15
4.05E-15
1.84E-15
-2.29E-15
-3.40E-15
-1.89E-16
3.32E-15
2.58E-15
-1.63E-15
-4.01E-15
-1.41E-15
3.18E-15
4.16E-15
2.69E-16
-3.62E-15
-3.26E-15
4.86E-16
2.89E-15
1.41E-15
-1.41E-15
-1.89E-15
1.00E-16
1.55E-15
4.48E-16
-1.52E-15
-1.52E-15
5.45E-16
1.84E-15
6.06E-16
-1.31E-15
-1.29E-15
4.43E-16
1.24E-15
-1.07E-16
-1.42E-15
-4.94E-16
1.68E-15
1.99E-15
-6.15E-16
-3.21E-15
-2.48E-15
1.18E-15
3.53E-15
1.60E-15
-2.24E-15
-3.35E-15
-5.08E-16
2.51E-15
1.79E-15
-1.52E-15
-2.89E-15
-4.07E-16
2.81E-15
2.43E-15
-1.25E-15
-3.73E-15
-2.04E-15
1.75E-15
3.01E-15
4.62E-16
-2.41E-15
-2.15E-15
4.73E-16
1.82E-15
1.80E-16
-1.88E-15
-1.39E-15
9.85E-16
1.91E-15
-3.12E-17
-2.32E-15
-2.02E-15
5.85E-16
2.15E-15
7.28E-16
-1.52E-15
-1.63E-15
3.99E-16
1.48E-15
-1.42E-16
-2.28E-15
-1.83E-15
1.09E-15
2.84E-15
9.37E-16
-2.41E-15
-3.07E-15
-1.79E-16
2.65E-15
1.75E-15
-1.47E-15
-2.83E-15
-7.20E-16
1.94E-15
1.52E-15
-1.51E-15
-3.11E-15
-9.92E-16
2.38E-15
2.71E-15
-5.47E-16
-3.29E-15
-2.37E-15
9.53E-16
2.45E-15
5.24E-16
-1.89E-15
-1.65E-15
5.84E-16
1.44E-15
-4.21E-16
-2.40E-15
-1.59E-15
1.32E-15
2.68E-15
6.62E-16
-2.13E-15
-2.31E-15
1.95E-16
2.02E-15
8.12E-16
-1.60E-15
-1.86E-15
4.29E-16
1.98E-15
4.51E-16
-2.26E-15
-2.52E-15
1.44E-16
2.45E-15
1.23E-15
-2.04E-15
-3.20E-15
-8.19E-16
2.17E-15
2.01E-15
-9.18E-16
-2.65E-15
-9.89E-16
1.83E-15
1.89E-15
-1.04E-15
-3.00E-15
-1.44E-15
1.73E-15
2.42E-15
-2.23E-16
-2.77E-15
-2.15E-15
7.34E-16
2.08E-15
2.43E-16
-2.01E-15
-1.60E-15
8.99E-16
1.97E-15
-8.62E-17
-2.53E-15
-2.13E-15
7.88E-16
2.55E-15
9.17E-16
-1.92E-15
-2.32E-15
1.39E-16
2.02E-15
7.98E-16
-1.85E-15
-2.27E-15
1.64E-16
2.35E-15
1.25E-15
-1.77E-15
-2.82E-15
-5.32E-16
2.27E-15
1.83E-15
-1.16E-15
-2.80E-15
-9.98E-16
1.79E-15
1.82E-15
-9.28E-16
-2.67E-15
-1.07E-15
1.87E-15
2.30E-15
-4.88E-16
-2.91E-15
-1.90E-15
1.24E-15
2.55E-15
5.15E-16
-2.01E-15
-1.76E-15
7.68E-16
1.98E-15
1.39E-16
-2.22E-15
-1.79E-15
1.01E-15
2.55E-15
7.07E-16
-2.16E-15
-2.31E-15
4.09E-16
2.51E-15
1.23E-15
-1.49E-15
-2.08E-15
1.94E-16
2.31E-15
1.31E-15
-1.51E-15
-2.41E-15
-7.67E-17
2.49E-15
1.85E-15
-1.24E-15
-2.78E-15
-8.42E-16
2.01E-15
2.06E-15
-6.03E-16
-2.33E-15
-8.47E-16
1.86E-15
2.04E-15
-7.54E-16
-2.84E-15
-1.45E-15
1.78E-15
2.74E-15
2.42E-16
-2.45E-15
-2.08E-15
7.30E-16
2.18E-15
4.72E-16
-1.86E-15
-1.48E-15
1.17E-15
2.40E-15
3.82E-16
-2.33E-15
-2.15E-15
8.96E-16
3.09E-15
1.70E-15
-1.33E-15
-2.13E-15
8.33E-17
2.19E-15
1.40E-15
-1.07E-15
-1.74E-15
5.19E-16
2.74E-15
1.85E-15
-1.16E-15
-2.36E-15
-1.50E-16
2.70E-15
2.59E-15
-2.69E-16
-2.13E-15
-7.59E-16
1.94E-15
2.28E-15
-1.81E-16
-1.90E-15
-5.17E-16
2.23E-15
2.64E-15
6.38E-18
-2.32E-15
-1.42E-15
1.69E-15
3.06E-15
9.75E-16
-1.77E-15
-1.64E-15
1.06E-15
2.65E-15
1.03E-15
-1.48E-15
-1.29E-15
1.40E-15
3.00E-15
1.19E-15
-1.87E-15
-2.38E-15
3.02E-16
2.82E-15
2.09E-15
-6.53E-16
-1.73E-15
1.97E-16
2.34E-15
1.60E-15
-1.19E-15
-2.25E-15
-1.05E-16
2.64E-15
2.33E-15
-7.10E-16
-2.53E-15
-8.61E-16
2.17E-15
2.60E-15
-7.62E-17
-2.12E-15
-9.22E-16
1.80E-15
2.41E-15
1.02E-16
-1.98E-15
-1.04E-15
1.72E-15
2.60E-15
2.92E-16
-2.15E-15
-1.51E-15
1.55E-15
3.04E-15
9.90E-16
-1.88E-15
-1.96E-15
8.42E-16
2.76E-15
1.32E-15
-1.37E-15
-1.68E-15
8.36E-16
2.77E-15
1.37E-15
-1.61E-15
-2.26E-15
3.14E-16
2.98E-15
2.30E-15
-7.83E-16
-2.30E-15
-4.89E-16
2.11E-15
1.92E-15
-7.06E-16
-2.16E-15
-3.65E-16
2.38E-15
2.43E-15
-3.30E-16
-2.27E-15
-8.75E-16
2.08E-15
2.76E-15
3.54E-16
-1.77E-15
-8.48E-16
1.97E-15
2.91E-15
6.11E-16
-1.90E-15
-1.38E-15
1.41E-15
2.73E-15
7.55E-16
-1.84E-15
-1.64E-15
1.12E-15
2.87E-15
1.25E-15
-1.52E-15
-1.72E-15
9.55E-16
2.90E-15
1.56E-15
-1.25E-15
-1.82E-15
6.75E-16
3.07E-15
2.19E-15
-8.43E-16
-2.09E-15
-2.59E-18
2.74E-15
2.46E-15
-4.12E-16
-1.95E-15
-7.50E-17
2.76E-15
2.69E-15
-1.76E-16
-2.09E-15
-6.08E-16
2.33E-15
2.84E-15
3.06E-16
-1.93E-15
-9.83E-16
1.79E-15
2.69E-15
5.32E-16
-1.67E-15
-8.50E-16
2.08E-15
3.27E-15
1.01E-15
-1.82E-15
-1.61E-15
1.40E-15
3.33E-15
1.75E-15
-1.10E-15
-1.43E-15
1.11E-15
2.97E-15
1.56E-15
-1.18E-15
-1.60E-15
9.21E-16
3.22E-15
2.24E-15
-8.34E-16
-2.04E-15
3.78E-17
2.75E-15
2.47E-15
-2.27E-16
-1.53E-15
2.80E-16
2.86E-15
2.57E-15
-2.93E-16
-2.01E-15
-3.69E-16
2.64E-15
3.23E-15
7.14E-16
-1.49E-15
-6.13E-16
2.00E-15
2.67E-15
3.20E-16
-1.90E-15
-9.74E-16
2.14E-15
3.47E-15
1.23E-15
-1.70E-15
-1.65E-15
1.12E-15
2.97E-15
1.52E-15
-1.05E-15
-1.04E-15
1.54E-15
3.17E-15
1.39E-15
-1.72E-15
-2.29E-15
4.88E-16
3.28E-15
2.74E-15
-1.44E-16
-1.49E-15
1.86E-16
2.36E-15
1.87E-15
-7.09E-16
-1.63E-15
5.69E-16
3.26E-15
2.85E-15
-3.60E-16
-2.31E-15
-6.48E-16
2.55E-15
3.23E-15
6.32E-16
-1.59E-15
-6.98E-16
1.86E-15
2.52E-15
3.59E-16
-1.59E-15
-5.39E-16
2.43E-15
3.40E-15
9.26E-16
-1.90E-15
-1.52E-15
1.60E-15
3.54E-15
1.88E-15
-1.07E-15
-1.45E-15
9.51E-16
2.73E-15
1.47E-15
-1.02E-15
-1.15E-15
1.50E-15
3.64E-15
2.41E-15
-7.87E-16
-1.99E-15
1.87E-16
2.89E-15
2.60E-15
2.19E-17
-1.28E-15
4.84E-16
2.84E-15
2.38E-15
-4.45E-16
-1.90E-15
5.16E-17
3.11E-15
3.34E-15
4.51E-16
-1.80E-15
-7.12E-16
2.09E-15
2.87E-15
6.58E-16
-1.41E-15
-5.09E-16
2.27E-15
3.16E-15
7.51E-16
-1.94E-15
-1.49E-15
1.53E-15
3.20E-15
1.39E-15
-1.37E-15
-1.44E-15
1.22E-15
3.05E-15
1.53E-15
-1.29E-15
-1.65E-15
9.95E-16
3.28E-15
2.14E-15
-9.83E-16
-2.10E-15
6.57E-17
2.60E-15
2.09E-15
-5.86E-16
-1.79E-15
1.25E-16
2.57E-15
2.08E-15
-7.87E-16
-2.33E-15
-4.60E-16
2.51E-15
2.70E-15
-1.78E-16
-2.23E-15
-9.73E-16
1.83E-15
2.48E-15
1.09E-16
-2.00E-15
-1.10E-15
1.75E-15
2.69E-15
4.12E-16
-2.15E-15
-1.66E-15
1.29E-15
2.84E-15
1.12E-15
-1.42E-15
-1.29E-15
1.26E-15
2.75E-15
1.04E-15
-1.68E-15
-1.77E-15
1.01E-15
3.08E-15
1.75E-15
-1.28E-15
-2.13E-15
2.52E-16
2.83E-15
2.26E-15
-5.48E-16
-1.80E-15
1.05E-16
2.64E-15
2.27E-15
-5.01E-16
-1.88E-15
6.37E-17
2.95E-15
2.94E-15
-2.29E-17