-3.50E-17
-6.69E-17
4.89E-16
9.40E-16
1.45E-18
-1.06E-15
-5.20E-16
1.20E-15
2.27E-15
1.27E-15
-1.05E-15
-1.87E-15
-6.42E-17
2.04E-15
1.67E-15
-9.94E-16
-3.12E-15
-2.39E-15
1.47E-16
1.12E-15
-5.61E-16
-2.86E-15
-3.21E-15
-1.33E-15
4.44E-16
1.06E-16
-1.47E-15
-2.03E-15
-1.08E-15
2.00E-16
1.84E-16
-8.25E-16
-1.16E-15
-6.82E-16
-2.25E-16
-7.63E-16
-1.63E-15
-1.44E-15
-5.09E-16
-6.35E-17
-1.05E-15
-2.37E-15
-2.30E-15
-1.03E-15
4.81E-17
-8.91E-16
-2.83E-15
-3.14E-15
-1.71E-15
-8.29E-17
-2.83E-16
-2.37E-15
-3.52E-15
-2.34E-15
-2.67E-16
2.78E-16
-1.36E-15
-2.94E-15
-2.54E-15
-7.52E-16
1.16E-16
-1.03E-15
-2.60E-15
-2.68E-15
-1.30E-15
-4.36E-16
-1.30E-15
-2.61E-15
-2.67E-15
-1.56E-15
-8.78E-16
-1.60E-15
-2.73E-15
-2.70E-15
-1.43E-15
-5.64E-16
-1.40E-15
-2.70E-15
-2.63E-15
-1.18E-15
-1.28E-17
-7.12E-16
-2.40E-15
-2.85E-15
-1.57E-15
-1.67E-16
-5.69E-16
-2.43E-15
-3.33E-15
-2.23E-15
-6.26E-16
-5.47E-16
-2.11E-15
-3.23E-15
-2.44E-15
-8.05E-16
-3.76E-16
-1.56E-15
-2.58E-15
-1.85E-15
-2.69E-16
1.78E-16
-9.46E-16
-2.11E-15
-1.81E-15
-4.50E-16
1.94E-17
-1.32E-15
-2.94E-15
-2.86E-15
-1.61E-15
-1.17E-15
-2.27E-15
-3.86E-15
-3.88E-15
-2.25E-15
-1.14E-15
-1.76E-15
-3.16E-15
-3.05E-15
-1.23E-15
3.88E-16
3.22E-16
-9.86E-16
-1.28E-15
2.10E-16
1.72E-15
1.53E-15
1.27E-17
-8.71E-16
-6.05E-17
9.76E-16
5.33E-16
-1.28E-15
-2.58E-15
-2.09E-15
-1.01E-15
-1.16E-15
-2.76E-15
-4.04E-15
-3.43E-15
-1.82E-15
-1.48E-15
-2.55E-15
-3.38E-15
-2.64E-15
-5.81E-16
3.71E-16
-4.43E-16
-1.43E-15
-8.51E-16
1.02E-15
1.99E-15
1.01E-15
-6.22E-16
-8.74E-16
3.27E-16
1.05E-15
-8.60E-17
-2.08E-15
-2.85E-15
-1.99E-15
-1.28E-15
-2.23E-15
-4.13E-15
-4.88E-15
-3.84E-15
-2.57E-15
-2.80E-15
-4.18E-15
-4.61E-15
-3.26E-15
-1.45E-15
-1.17E-15
-2.29E-15
-2.62E-15
-1.35E-15
3.37E-16
5.40E-16
-9.63E-16
-2.08E-15
-1.65E-15
-4.18E-16
-3.79E-16
-2.18E-15
-3.81E-15
-3.77E-15
-2.52E-15
-2.16E-15
-3.53E-15
-4.87E-15
-4.52E-15
-2.78E-15
-1.73E-15
-2.44E-15
-3.53E-15
-3.18E-15
-1.28E-15
8.05E-17
-4.20E-16
-1.62E-15
-1.63E-15
-2.08E-16
9.00E-16
1.11E-16
-1.67E-15
-2.32E-15
-1.50E-15
-6.05E-16
-1.46E-15
-3.59E-15
-4.56E-15
-3.80E-15
-2.59E-15
-2.84E-15
-4.44E-15
-5.09E-15
-3.88E-15
-2.12E-15
-1.82E-15
-3.06E-15
-3.80E-15
-2.73E-15
-8.91E-16
-2.70E-16
-1.37E-15
-2.43E-15
-1.86E-15
-3.18E-16
1.28E-16
-1.23E-15
-2.81E-15
-2.83E-15
-1.73E-15
-1.38E-15
-2.86E-15
-4.75E-15
-4.97E-15
-3.74E-15
-2.87E-15
-3.75E-15
-5.22E-15
-5.11E-15
-3.54E-15
-2.18E-15
-2.38E-15
-3.56E-15
-3.33E-15
-1.46E-15
1.85E-16
1.82E-16
-1.13E-15
-1.64E-15
-4.79E-16
8.60E-16
4.93E-16
-1.39E-15
-2.62E-15
-2.05E-15
-1.14E-15
-1.57E-15
-3.29E-15
-4.47E-15
-3.83E-15
-2.36E-15
-1.99E-15
-3.19E-15
-4.20E-15
-3.45E-15
-1.60E-15
-8.38E-16
-1.82E-15
-2.80E-15
-2.26E-15
-5.16E-16
3.40E-16
-7.44E-16
-2.15E-15
-2.12E-15
-8.06E-16
-6.41E-17
-1.32E-15
-3.21E-15
-3.47E-15
-2.20E-15
-1.24E-15
-1.94E-15
-3.57E-15
-3.93E-15
-2.43E-15
-1.07E-15
-1.48E-15
-2.99E-15
-3.51E-15
-2.29E-15
-8.92E-16
-1.10E-15
-2.65E-15
-3.43E-15
-2.42E-15
-9.91E-16
-1.04E-15
-2.54E-15
-3.55E-15
-2.81E-15
-1.33E-15
-1.28E-15
-2.72E-15
-3.97E-15
-3.50E-15
-2.05E-15
-1.81E-15
-3.20E-15
-4.58E-15
-4.16E-15
-2.60E-15
-1.97E-15
-3.04E-15
-4.43E-15
-4.25E-15
-2.64E-15
-1.64E-15
-2.50E-15
-3.83E-15
-3.80E-15
-2.31E-15
-1.09E-15
-1.84E-15
-3.36E-15
-3.58E-15
-2.22E-15
-9.48E-16
-1.46E-15
-3.12E-15
-3.76E-15
-2.66E-15
-1.37E-15
-1.70E-15
-3.25E-15
-4.07E-15
-3.13E-15
-1.75E-15
-1.85E-15
-3.35E-15
-4.31E-15
-3.37E-15
-1.81E-15
-1.52E-15
-2.86E-15
-3.89E-15
-3.09E-15
-1.51E-15
-9.33E-16
-2.11E-15
-3.34E-15
-2.77E-15
-1.13E-15
-5.67E-16
-1.79E-15
-3.32E-15
-3.31E-15
-1.90E-15
-1.23E-15
-2.38E-15
-4.07E-15
-4.22E-15
-2.86E-15
-2.03E-15
-2.79E-15
-4.34E-15
-4.60E-15
-3.11E-15
-1.86E-15
-2.31E-15
-3.83E-15
-4.17E-15
-2.74E-15
-1.34E-15
-1.55E-15
-2.97E-15
-3.58E-15
-2.36E-15
-8.41E-16
-9.39E-16
-2.43E-15
-3.31E-15
-2.43E-15
-9.36E-16
-7.15E-16
-2.17E-15
-3.15E-15
-2.42E-15
-9.50E-16
-5.27E-16
-2.02E-15
-3.37E-15
-2.95E-15
-1.43E-15
-7.87E-16
-2.01E-15
-3.40E-15
-3.14E-15
-1.57E-15
-7.15E-16
-1.51E-15
-2.82E-15
-2.80E-15
-1.23E-15
-8.33E-17
-7.90E-16
-2.20E-15
-2.32E-15
-8.87E-16
2.30E-16
-5.25E-16
-2.17E-15
-2.71E-15
-1.54E-15
-3.87E-16
-9.48E-16
-2.57E-15
-3.32E-15
-2.30E-15
-8.51E-16
-1.08E-15
-2.65E-15
-3.44E-15
-2.45E-15
-8.36E-16
-6.23E-16
-2.04E-15
-3.10E-15
-2.31E-15
-6.91E-16
-2.57E-16
-1.60E-15
-2.99E-15
-2.53E-15
-1.03E-15
-5.62E-16
-1.79E-15
-3.22E-15
-3.05E-15
-1.51E-15
-7.22E-16
-1.75E-15
-3.08E-15
-2.97E-15
-1.49E-15
-4.21E-16
-1.19E-15
-2.51E-15
-2.51E-15
-1.11E-15
1.32E-16
-5.85E-16
-2.19E-15
-2.47E-15
-1.22E-15
-2.16E-20
-5.31E-16
-2.20E-15
-2.94E-15
-1.98E-15
-6.91E-16
-1.06E-15
-2.76E-15
-3.68E-15
-2.67E-15
-1.17E-15
-9.69E-16
-2.36E-15
-3.44E-15
-2.44E-15
-8.40E-16
-3.33E-16
-1.55E-15
-2.71E-15
-2.10E-15
-6.70E-16
-9.32E-17
-1.36E-15
-2.71E-15
-2.28E-15
-7.80E-16
-1.02E-17
-1.07E-15
-2.55E-15
-2.40E-15
-1.01E-15
-1.52E-16
-1.15E-15
-2.77E-15
-2.81E-15
-1.40E-15
-3.04E-16
-1.08E-15
-2.68E-15
-3.01E-15
-1.66E-15
-3.20E-16
-8.61E-16
-2.44E-15
-3.03E-15
-1.89E-15
-4.35E-16
-7.26E-16
-2.27E-15
-3.15E-15
-2.28E-15
-6.90E-16
-6.68E-16
-2.17E-15
-3.11E-15
-2.35E-15
-8.01E-16
-5.39E-16
-1.92E-15
-3.03E-15
-2.35E-15
-6.17E-16
-9.12E-17
-1.25E-15
-2.43E-15
-2.00E-15
-4.38E-16
8.99E-17
-9.73E-16
-2.46E-15
-2.39E-15
-8.70E-16
-1.78E-16
-1.20E-15
-2.97E-15
-3.27E-15
-1.87E-15
-9.80E-16
-1.70E-15
-3.25E-15
-3.60E-15
-2.14E-15
-8.05E-16
-1.10E-15
-2.53E-15
-2.91E-15
-1.50E-15
-4.72E-17
-1.03E-16
-1.58E-15
-2.35E-15
-1.32E-15
3.26E-17
-3.17E-17
-1.66E-15
-2.73E-15
-2.12E-15
-8.71E-16
-9.01E-16
-2.59E-15
-3.87E-15
-3.44E-15
-2.09E-15
-1.75E-15
-3.13E-15
-4.43E-15
-3.87E-15
-2.22E-15
-1.40E-15
-2.34E-15
-3.55E-15
-3.10E-15
-1.40E-15
-2.69E-16
-9.88E-16
-2.39E-15
-2.33E-15
-8.66E-16
1.45E-16
-7.43E-16
-2.44E-15
-2.92E-15
-1.90E-15
-9.21E-16
-1.78E-15
-3.58E-15
-4.27E-15
-3.29E-15
-1.98E-15
-2.41E-15
-3.94E-15
-4.54E-15
-3.28E-15
-1.51E-15
-1.25E-15
-2.33E-15
-2.88E-15
-1.63E-15
2.67E-16
6.33E-16
-6.90E-16
-1.73E-15
-1.25E-15
1.29E-16
2.22E-16
-1.55E-15
-3.26E-15
-3.25E-15
-2.00E-15
-1.79E-15
-3.23E-15
-4.86E-15
-4.87E-15
-3.35E-15
-2.50E-15
-3.30E-15
-4.52E-15
-4.16E-15
-2.33E-15