8.31E-17
5.36E-16
1.40E-15
6.43E-16
-1.57E-15
-2.93E-15
-1.33E-15
2.23E-15
3.06E-15
-6.64E-16
-4.68E-15
-3.81E-15
1.64E-15
5.46E-15
2.94E-15
-3.16E-15
-5.28E-15
-1.64E-17
6.62E-15
6.65E-15
8.58E-17
-5.27E-15
-2.80E-15
4.65E-15
7.83E-15
3.06E-15
-3.86E-15
-4.92E-15
8.31E-16
6.19E-15
4.65E-15
-1.41E-15
-4.44E-15
-1.39E-15
3.66E-15
4.74E-15
1.24E-15
-1.76E-15
-9.44E-16
1.92E-15
3.03E-15
1.49E-15
3.25E-16
1.16E-15
2.36E-15
1.83E-15
4.62E-16
7.21E-16
2.87E-15
4.15E-15
2.00E-15
-1.01E-15
-8.68E-16
2.75E-15
5.49E-15
3.33E-15
-1.47E-15
-3.16E-15
1.04E-15
6.02E-15
5.55E-15
-6.81E-17
-4.01E-15
-1.15E-15
4.97E-15
7.23E-15
2.70E-15
-2.75E-15
-2.57E-15
2.81E-15
7.01E-15
4.63E-15
-7.20E-16
-2.43E-15
1.21E-15
5.35E-15
4.71E-15
7.10E-16
-1.66E-15
4.09E-16
3.61E-15
3.47E-15
8.53E-16
-5.49E-16
1.24E-15
3.48E-15
2.84E-15
4.30E-16
-1.80E-16
2.15E-15
4.34E-15
3.17E-15
-2.22E-16
-1.00E-15
2.11E-15
5.10E-15
3.85E-15
-5.34E-16
-2.55E-15
3.91E-16
4.72E-15
4.52E-15
-1.58E-16
-3.50E-15
-1.33E-15
4.00E-15
5.70E-15
1.86E-15
-2.30E-15
-1.34E-15
3.72E-15
6.78E-15
4.19E-15
-3.97E-16
-7.92E-16
3.20E-15
6.25E-15
4.43E-15
-4.85E-18
-1.49E-15
1.10E-15
3.92E-15
2.71E-15
-1.33E-15
-2.89E-15
-7.35E-16
2.04E-15
1.33E-15
-2.10E-15
-3.15E-15
-4.49E-16
2.68E-15
2.51E-15
-6.91E-16
-1.85E-15
1.30E-15
4.91E-15
4.74E-15
1.25E-15
-7.86E-16
1.76E-15
5.65E-15
5.81E-15
1.66E-15
-1.63E-15
6.28E-17
3.83E-15
4.50E-15
3.84E-16
-3.56E-15
-2.65E-15
1.36E-15
3.30E-15
1.63E-16
-3.87E-15
-3.45E-15
9.03E-16
3.99E-15
2.22E-15
-1.42E-15
-1.70E-15
2.32E-15
5.99E-15
4.82E-15
1.30E-15
4.44E-16
3.65E-15
6.93E-15
5.87E-15
1.90E-15
1.47E-16
2.59E-15
5.33E-15
4.34E-15
3.75E-16
-1.84E-15
3.94E-16
3.44E-15
3.21E-15
-4.38E-16
-2.84E-15
-1.68E-16
3.89E-15
4.58E-15
1.49E-15
-9.34E-16
1.32E-15
5.61E-15
6.82E-15
3.52E-15
7.61E-17
1.27E-15
5.34E-15
6.76E-15
3.31E-15
-9.82E-16
-9.35E-16
2.84E-15
4.97E-15
2.21E-15
-2.11E-15
-2.61E-15
8.37E-16
3.81E-15
2.29E-15
-1.61E-15
-2.26E-15
1.56E-15
5.23E-15
4.49E-15
1.11E-15
-7.31E-17
3.30E-15
6.92E-15
6.28E-15
2.55E-15
4.28E-16
2.87E-15
6.15E-15
5.64E-15
1.66E-15
-1.03E-15
9.79E-16
4.34E-15
4.50E-15
7.40E-16
-2.26E-15
-4.79E-16
3.34E-15
4.34E-15
1.11E-15
-1.78E-15
-1.11E-16
4.30E-15
6.29E-15
3.59E-15
3.21E-16
1.17E-15
5.58E-15
7.98E-15
5.31E-15
1.49E-15
1.14E-15
4.58E-15
7.09E-15
4.46E-15
-2.27E-17
-1.25E-15
1.68E-15
4.59E-15
2.74E-15
-1.66E-15
-3.13E-15
-2.14E-16
3.40E-15
2.98E-15
-7.00E-16
-2.08E-15
1.02E-15
5.09E-15
5.38E-15
1.87E-15
-3.27E-16
1.93E-15
5.82E-15
6.15E-15
2.46E-15
-3.45E-16
1.09E-15
4.69E-15
5.19E-15
1.51E-15
-1.77E-15
-6.74E-16
3.21E-15
4.33E-15
1.22E-15
-2.18E-15
-1.47E-15
2.79E-15
4.94E-15
2.60E-15
-8.34E-16
-5.43E-16
3.63E-15
6.23E-15
4.09E-15
8.22E-17
-5.85E-16
2.88E-15
5.83E-15
4.30E-15
1.13E-16
-1.20E-15
2.06E-15
5.41E-15
4.38E-15
4.28E-16
-1.46E-15
1.44E-15
5.14E-15
4.78E-15
1.01E-15
-1.30E-15
1.04E-15
5.00E-15
5.42E-15
1.84E-15
-7.27E-16
1.19E-15
5.30E-15
6.23E-15
2.84E-15
-8.41E-17
1.34E-15
5.34E-15
6.75E-15
3.58E-15
3.32E-17
7.85E-16
4.67E-15
6.45E-15
3.74E-15
-1.78E-16
-3.00E-17
3.69E-15
5.82E-15
3.79E-15
-2.70E-16
-6.88E-16
2.98E-15
5.68E-15
4.23E-15
1.43E-16
-8.17E-16
2.67E-15
5.87E-15
4.86E-15
9.23E-16
-5.80E-16
2.46E-15
6.16E-15
5.54E-15
1.51E-15
-5.18E-16
1.86E-15
5.73E-15
5.78E-15
1.78E-15
-8.55E-16
9.44E-16
4.84E-15
5.50E-15
1.79E-15
-1.36E-15
-6.20E-18
4.16E-15
5.42E-15
2.27E-15
-1.12E-15
-2.47E-16
4.13E-15
6.17E-15
3.62E-15
2.29E-16
5.29E-16
4.33E-15
6.90E-15
4.71E-15
7.58E-16
5.17E-16
4.07E-15
6.75E-15
4.91E-15
8.45E-16
-1.85E-16
2.95E-15
5.89E-15
4.54E-15
4.38E-16
-1.07E-15
1.85E-15
5.27E-15
4.56E-15
5.10E-16
-1.49E-15
1.10E-15
4.88E-15
4.72E-15
1.03E-15
-1.61E-15
4.18E-16
4.56E-15
4.97E-15
1.52E-15
-1.41E-15
2.04E-16
4.42E-15
5.64E-15
2.37E-15
-1.11E-15
-2.28E-16
3.80E-15
5.53E-15
2.66E-15
-1.20E-15
-9.97E-16
2.83E-15
4.92E-15
2.63E-15
-1.44E-15
-1.72E-15
1.88E-15
4.40E-15
2.95E-15
-1.04E-15
-1.68E-15
1.86E-15
4.92E-15
3.97E-15
-1.54E-17
-1.17E-15
1.98E-15
5.30E-15
4.65E-15
6.42E-16
-1.38E-15
1.32E-15
5.03E-15
4.66E-15
7.60E-16
-1.72E-15
2.47E-16
4.22E-15
4.75E-15
1.17E-15
-1.71E-15
-7.38E-17
4.13E-15
5.25E-15
1.95E-15
-1.23E-15
-8.07E-17
3.92E-15
5.65E-15
2.71E-15
-1.03E-15
-6.11E-16
3.21E-15
5.33E-15
2.75E-15
-1.18E-15
-1.46E-15
2.25E-15
4.79E-15
2.72E-15
-1.17E-15
-1.95E-15
1.51E-15
4.68E-15
3.44E-15
-6.44E-16
-1.72E-15
1.64E-15
5.16E-15
4.48E-15
4.76E-16
-1.32E-15
1.56E-15
5.45E-15
5.02E-15
1.03E-15
-1.42E-15
4.51E-16
4.33E-15
4.68E-15
9.44E-16
-1.99E-15
-3.66E-16
3.69E-15
4.65E-15
1.39E-15
-1.81E-15
-7.82E-16
3.21E-15
4.80E-15
1.85E-15
-1.66E-15
-1.11E-15
2.88E-15
4.91E-15
2.38E-15
-1.13E-15
-1.02E-15
2.70E-15
5.23E-15
3.09E-15
-8.16E-16
-1.34E-15
2.10E-15
5.12E-15
3.64E-15
-5.71E-16
-1.66E-15
1.70E-15
5.09E-15
4.13E-15
2.68E-17
-1.66E-15
1.12E-15
4.90E-15
4.65E-15
6.78E-16
-1.63E-15
5.86E-16
4.54E-15
4.90E-15
1.11E-15
-1.73E-15
-4.02E-17
3.69E-15
4.62E-15
1.32E-15
-2.00E-15
-8.34E-16
3.09E-15
4.45E-15
1.39E-15
-1.88E-15
-1.08E-15
2.93E-15
5.10E-15
2.55E-15
-9.38E-16
-6.54E-16
3.20E-15
5.86E-15
3.69E-15
-2.19E-16
-6.13E-16
2.79E-15
5.65E-15
3.81E-15
-4.77E-16
-1.69E-15
1.39E-15
4.55E-15
3.33E-15
-8.28E-16
-2.45E-15
4.57E-16
4.14E-15
3.83E-15
4.83E-17
-2.05E-15
5.79E-16
4.64E-15
5.10E-15
1.62E-15
-8.98E-16
1.32E-15
5.42E-15
6.30E-15
2.96E-15
-1.90E-16
1.14E-15
4.96E-15
6.10E-15
2.82E-15
-9.65E-16
-2.26E-16
3.43E-15
5.10E-15
2.28E-15
-1.69E-15
-1.59E-15
2.14E-15
4.71E-15
2.56E-15
-1.05E-15
-1.18E-15
2.43E-15
5.66E-15
4.25E-15
5.25E-16
-1.47E-16
3.33E-15
6.70E-15
5.47E-15
1.45E-15
-1.40E-16
2.54E-15
5.85E-15
4.83E-15
5.48E-16
-1.91E-15
1.25E-16
3.64E-15
3.37E-15
-4.64E-16
-3.07E-15
-8.90E-16
3.46E-15
4.30E-15
1.18E-15
-1.51E-15
3.85E-16
4.97E-15
6.59E-15
3.78E-15
5.20E-16
1.52E-15
5.69E-15
7.31E-15
4.43E-15
4.67E-16
3.19E-16
3.81E-15