2.05E-17
9.19E-17
2.00E-16
1.51E-16
-5.76E-17
-1.57E-16
8.44E-18
3.52E-16
4.84E-16
2.28E-16
-6.92E-17
-1.48E-16
6.90E-17
3.56E-16
1.92E-16
-2.96E-16
-5.88E-16
-4.66E-16
-7.76E-17
3.39E-17
-3.51E-16
-7.27E-16
-7.70E-16
-4.21E-16
-7.86E-17
-1.26E-16
-3.38E-16
-4.24E-16
-3.10E-16
-5.38E-17
-4.25E-17
-2.31E-16
-2.89E-16
-2.39E-16
-1.58E-16
-2.19E-16
-3.91E-16
-4.24E-16
-3.50E-16
-2.96E-16
-4.21E-16
-5.67E-16
-5.20E-16
-3.73E-16
-2.96E-16
-4.90E-16
-7.72E-16
-7.91E-16
-5.50E-16
-3.01E-16
-3.91E-16
-6.84E-16
-8.33E-16
-6.47E-16
-3.07E-16
-2.60E-16
-5.05E-16
-6.80E-16
-6.00E-16
-3.28E-16
-2.46E-16
-4.95E-16
-7.18E-16
-7.02E-16
-4.67E-16
-3.34E-16
-5.26E-16
-7.42E-16
-7.88E-16
-6.24E-16
-4.80E-16
-6.04E-16
-7.74E-16
-7.51E-16
-5.83E-16
-4.30E-16
-5.48E-16
-7.52E-16
-7.13E-16
-4.89E-16
-2.82E-16
-3.77E-16
-6.17E-16
-6.94E-16
-5.56E-16
-3.69E-16
-4.57E-16
-7.11E-16
-7.86E-16
-6.33E-16
-4.23E-16
-4.69E-16
-7.35E-16
-8.61E-16
-7.18E-16
-4.24E-16
-3.60E-16
-5.11E-16
-6.04E-16
-4.89E-16
-2.20E-16
-1.56E-16
-3.58E-16
-4.79E-16
-4.18E-16
-2.24E-16
-2.05E-16
-5.03E-16
-7.89E-16
-8.35E-16
-6.70E-16
-6.02E-16
-8.18E-16
-1.05E-15
-1.07E-15
-8.73E-16
-6.71E-16
-7.40E-16
-8.72E-16
-7.45E-16
-4.08E-16
-8.62E-17
-5.70E-17
-2.06E-16
-1.78E-16
8.51E-17
3.72E-16
3.68E-16
1.61E-16
3.10E-17
6.01E-17
1.40E-16
-2.42E-17
-3.83E-16
-5.98E-16
-5.91E-16
-4.99E-16
-6.13E-16
-9.25E-16
-1.12E-15
-1.06E-15
-7.96E-16
-7.23E-16
-8.62E-16
-9.05E-16
-7.12E-16
-3.38E-16
-1.17E-16
-1.97E-16
-2.40E-16
-5.68E-17
2.77E-16
4.67E-16
2.85E-16
3.16E-17
-4.15E-17
7.34E-17
1.32E-16
-1.35E-16
-5.03E-16
-6.93E-16
-6.87E-16
-6.57E-16
-9.09E-16
-1.27E-15
-1.40E-15
-1.29E-15
-1.09E-15
-1.14E-15
-1.30E-15
-1.29E-15
-1.04E-15
-6.87E-16
-5.86E-16
-6.67E-16
-6.25E-16
-3.82E-16
-7.31E-17
-2.75E-17
-2.57E-16
-4.13E-16
-3.84E-16
-2.67E-16
-3.75E-16
-7.64E-16
-1.07E-15
-1.12E-15
-9.88E-16
-9.82E-16
-1.24E-15
-1.41E-15
-1.33E-15
-1.05E-15
-8.52E-16
-9.21E-16
-9.84E-16
-8.24E-16
-4.76E-16
-1.93E-16
-2.29E-16
-3.54E-16
-3.13E-16
-1.03E-16
7.68E-17
-7.26E-17
-3.69E-16
-4.99E-16
-4.72E-16
-4.36E-16
-6.93E-16
-1.10E-15
-1.31E-15
-1.25E-15
-1.09E-15
-1.17E-15
-1.40E-15
-1.48E-15
-1.29E-15
-9.51E-16
-8.40E-16
-9.70E-16
-9.90E-16
-7.79E-16
-4.58E-16
-3.40E-16
-4.94E-16
-5.86E-16
-4.61E-16
-2.20E-16
-1.74E-16
-4.42E-16
-7.06E-16
-7.92E-16
-7.17E-16
-7.56E-16
-1.07E-15
-1.38E-15
-1.44E-15
-1.32E-15
-1.24E-15
-1.42E-15
-1.63E-15
-1.58E-15
-1.29E-15
-9.72E-16
-9.33E-16
-9.65E-16
-8.22E-16
-4.97E-16
-1.65E-16
-1.32E-16
-2.79E-16
-2.67E-16
-6.00E-17
1.31E-16
4.64E-18
-3.53E-16
-6.31E-16
-6.75E-16
-5.95E-16
-7.23E-16
-1.01E-15
-1.18E-15
-1.11E-15
-9.35E-16
-9.12E-16
-1.11E-15
-1.19E-15
-9.96E-16
-6.49E-16
-4.72E-16
-5.69E-16
-6.49E-16
-5.39E-16
-2.78E-16
-1.33E-16
-2.90E-16
-4.38E-16
-4.19E-16
-2.81E-16
-2.31E-16
-5.21E-16
-8.54E-16
-9.50E-16
-7.99E-16
-6.40E-16
-7.75E-16
-9.79E-16
-1.01E-15
-8.14E-16
-5.95E-16
-6.57E-16
-8.47E-16
-8.68E-16
-6.89E-16
-4.84E-16
-5.40E-16
-7.68E-16
-8.56E-16
-7.17E-16
-5.03E-16
-5.22E-16
-7.37E-16
-8.82E-16
-8.15E-16
-6.29E-16
-6.46E-16
-9.02E-16
-1.05E-15
-9.84E-16
-8.13E-16
-8.08E-16
-1.06E-15
-1.26E-15
-1.23E-15
-1.02E-15
-9.24E-16
-1.10E-15
-1.24E-15
-1.18E-15
-9.56E-16
-7.94E-16
-9.35E-16
-1.08E-15
-1.03E-15
-8.09E-16
-6.08E-16
-7.24E-16
-9.21E-16
-9.31E-16
-7.44E-16
-5.57E-16
-6.63E-16
-9.00E-16
-9.82E-16
-8.44E-16
-6.62E-16
-7.48E-16
-9.86E-16
-1.10E-15
-1.01E-15
-8.04E-16
-8.34E-16
-1.05E-15
-1.14E-15
-9.97E-16
-7.69E-16
-7.41E-16
-9.45E-16
-1.05E-15
-9.10E-16
-6.40E-16
-5.37E-16
-7.01E-16
-8.21E-16
-7.35E-16
-5.15E-16
-4.49E-16
-6.81E-16
-8.81E-16
-8.79E-16
-7.17E-16
-6.56E-16
-9.01E-16
-1.17E-15
-1.23E-15
-1.07E-15
-9.28E-16
-1.06E-15
-1.25E-15
-1.26E-15
-1.08E-15
-8.83E-16
-9.61E-16
-1.13E-15
-1.12E-15
-8.97E-16
-6.53E-16
-6.82E-16
-8.56E-16
-9.05E-16
-7.29E-16
-4.89E-16
-4.98E-16
-7.07E-16
-7.97E-16
-6.68E-16
-4.52E-16
-4.40E-16
-6.60E-16
-7.84E-16
-6.73E-16
-4.38E-16
-4.00E-16
-6.26E-16
-8.09E-16
-7.70E-16
-5.87E-16
-5.12E-16
-7.16E-16
-8.59E-16
-7.96E-16
-5.86E-16
-4.40E-16
-5.66E-16
-7.06E-16
-6.76E-16
-4.50E-16
-2.52E-16
-3.44E-16
-4.84E-16
-4.69E-16
-2.85E-16
-1.38E-16
-2.91E-16
-5.42E-16
-6.04E-16
-4.66E-16
-3.22E-16
-4.47E-16
-6.96E-16
-8.05E-16
-6.93E-16
-5.02E-16
-5.47E-16
-7.50E-16
-8.23E-16
-6.72E-16
-4.35E-16
-4.10E-16
-6.03E-16
-7.13E-16
-5.83E-16
-3.47E-16
-2.97E-16
-5.16E-16
-6.87E-16
-6.43E-16
-4.63E-16
-4.19E-16
-6.37E-16
-8.09E-16
-7.70E-16
-5.75E-16
-4.60E-16
-6.17E-16
-7.75E-16
-7.47E-16
-5.41E-16
-3.59E-16
-4.62E-16
-5.85E-16
-5.45E-16
-3.35E-16
-1.61E-16
-2.90E-16
-4.98E-16
-5.27E-16
-3.59E-16
-1.90E-16
-3.07E-16
-5.45E-16
-6.49E-16
-5.46E-16
-4.09E-16
-5.21E-16
-7.94E-16
-9.14E-16
-7.72E-16
-5.44E-16
-5.09E-16
-6.88E-16
-7.95E-16
-6.62E-16
-4.09E-16
-3.27E-16
-4.93E-16
-5.80E-16
-4.58E-16
-2.65E-16
-2.16E-16
-4.40E-16
-6.25E-16
-5.61E-16
-3.37E-16
-2.03E-16
-3.54E-16
-5.20E-16
-5.15E-16
-3.65E-16
-2.61E-16
-4.50E-16
-6.54E-16
-6.48E-16
-4.56E-16
-3.09E-16
-4.61E-16
-6.86E-16
-7.10E-16
-5.12E-16
-3.02E-16
-3.89E-16
-5.95E-16
-6.77E-16
-5.46E-16
-3.55E-16
-4.21E-16
-6.35E-16
-7.11E-16
-5.71E-16
-3.70E-16
-3.93E-16
-6.29E-16
-7.60E-16
-6.46E-16
-4.07E-16
-3.58E-16
-5.18E-16
-6.29E-16
-5.24E-16
-3.10E-16
-2.36E-16
-4.20E-16
-5.31E-16
-4.25E-16
-1.99E-16
-1.10E-16
-2.89E-16
-5.04E-16
-5.26E-16
-3.65E-16
-2.75E-16
-4.75E-16
-7.06E-16
-7.62E-16
-6.20E-16
-5.16E-16
-6.78E-16
-8.99E-16
-9.11E-16
-6.85E-16
-4.55E-16
-4.89E-16
-6.29E-16
-6.30E-16
-4.20E-16
-1.80E-16
-1.96E-16
-3.80E-16
-4.37E-16
-2.98E-16
-1.20E-16
-1.75E-16
-4.39E-16
-6.06E-16
-5.68E-16
-4.28E-16
-4.98E-16
-7.79E-16
-9.79E-16
-9.60E-16
-8.32E-16
-8.35E-16
-1.08E-15
-1.23E-15
-1.11E-15
-8.41E-16
-6.81E-16
-8.01E-16
-9.17E-16
-8.25E-16
-5.40E-16
-3.27E-16
-4.15E-16
-5.29E-16
-4.81E-16
-3.00E-16
-1.68E-16
-3.59E-16
-6.35E-16
-7.18E-16
-6.15E-16
-5.15E-16
-7.17E-16
-1.02E-15
-1.17E-15
-1.08E-15
-9.11E-16
-9.97E-16
-1.20E-15
-1.21E-15
-9.87E-16
-6.80E-16
-5.90E-16
-6.83E-16
-6.59E-16
-4.07E-16
-5.10E-17
5.88E-17
-1.20E-16
-2.62E-16
-2.19E-16
-7.86E-17
-1.43E-16
-4.92E-16
-7.71E-16
-8.30E-16
-7.61E-16
-8.15E-16
-1.13E-15
-1.39E-15
-1.40E-15
-1.20E-15
-1.05E-15
-1.13E-15
-1.22E-15
-1.12E-15
-8.35E-16