2.65E-17
1.13E-16
2.20E-16
1.39E-16
-8.69E-17
-1.90E-16
1.15E-18
3.71E-16
4.88E-16
1.79E-16
-1.38E-16
-1.76E-16
1.06E-16
4.22E-16
2.11E-16
-3.41E-16
-6.09E-16
-4.00E-16
5.63E-17
1.44E-16
-3.39E-16
-7.64E-16
-7.39E-16
-2.91E-16
7.53E-17
-6.59E-17
-3.80E-16
-4.73E-16
-2.67E-16
6.42E-17
4.52E-17
-2.32E-16
-3.51E-16
-2.53E-16
-8.05E-17
-1.09E-16
-3.22E-16
-4.20E-16
-3.57E-16
-2.56E-16
-3.33E-16
-4.73E-16
-4.56E-16
-3.24E-16
-2.56E-16
-4.33E-16
-6.89E-16
-6.96E-16
-4.42E-16
-2.19E-16
-3.46E-16
-6.48E-16
-7.59E-16
-5.25E-16
-1.89E-16
-2.02E-16
-5.09E-16
-6.63E-16
-5.12E-16
-1.87E-16
-1.37E-16
-4.76E-16
-7.28E-16
-6.61E-16
-3.35E-16
-1.81E-16
-4.35E-16
-7.28E-16
-7.69E-16
-5.20E-16
-3.21E-16
-4.70E-16
-7.18E-16
-7.27E-16
-5.21E-16
-3.15E-16
-4.13E-16
-6.69E-16
-6.71E-16
-4.45E-16
-2.15E-16
-2.87E-16
-5.39E-16
-6.29E-16
-4.90E-16
-3.01E-16
-3.88E-16
-6.37E-16
-6.98E-16
-5.28E-16
-3.18E-16
-3.96E-16
-6.81E-16
-7.92E-16
-6.09E-16
-3.00E-16
-2.74E-16
-4.85E-16
-5.89E-16
-4.30E-16
-1.22E-16
-7.21E-17
-3.40E-16
-4.97E-16
-3.93E-16
-1.37E-16
-9.60E-17
-4.33E-16
-7.58E-16
-7.85E-16
-5.53E-16
-4.33E-16
-6.77E-16
-9.52E-16
-9.80E-16
-7.55E-16
-5.18E-16
-6.09E-16
-7.89E-16
-6.99E-16
-3.55E-16
-1.98E-17
-2.09E-17
-2.09E-16
-2.10E-16
6.09E-17
3.65E-16
3.43E-16
1.19E-16
-1.34E-17
5.06E-17
1.71E-16
1.59E-18
-3.70E-16
-5.64E-16
-5.14E-16
-3.73E-16
-4.87E-16
-8.31E-16
-1.03E-15
-9.28E-16
-6.38E-16
-5.69E-16
-7.68E-16
-8.45E-16
-6.44E-16
-2.39E-16
-3.70E-17
-1.75E-16
-2.69E-16
-9.21E-17
2.78E-16
4.73E-16
2.60E-16
-2.78E-17
-8.98E-17
8.07E-17
1.83E-16
-8.81E-17
-4.78E-16
-6.47E-16
-5.79E-16
-5.06E-16
-7.50E-16
-1.13E-15
-1.27E-15
-1.11E-15
-8.86E-16
-9.42E-16
-1.15E-15
-1.16E-15
-9.05E-16
-5.39E-16
-4.64E-16
-6.00E-16
-5.90E-16
-3.41E-16
-6.11E-18
1.97E-17
-2.48E-16
-4.09E-16
-3.47E-16
-1.76E-16
-2.71E-16
-6.77E-16
-9.77E-16
-9.91E-16
-8.03E-16
-7.85E-16
-1.08E-15
-1.27E-15
-1.18E-15
-8.67E-16
-6.65E-16
-7.87E-16
-9.01E-16
-7.51E-16
-3.81E-16
-9.46E-17
-1.74E-16
-3.51E-16
-3.19E-16
-6.90E-17
1.34E-16
-3.20E-17
-3.48E-16
-4.77E-16
-3.91E-16
-3.10E-16
-5.58E-16
-9.82E-16
-1.18E-15
-1.08E-15
-8.81E-16
-9.56E-16
-1.23E-15
-1.32E-15
-1.11E-15
-7.61E-16
-6.70E-16
-8.50E-16
-8.94E-16
-6.81E-16
-3.36E-16
-2.35E-16
-4.40E-16
-5.52E-16
-4.20E-16
-1.37E-16
-8.44E-17
-3.82E-16
-6.59E-16
-7.10E-16
-5.74E-16
-5.87E-16
-9.21E-16
-1.24E-15
-1.28E-15
-1.10E-15
-9.98E-16
-1.21E-15
-1.45E-15
-1.41E-15
-1.08E-15
-7.69E-16
-7.71E-16
-8.65E-16
-7.52E-16
-4.10E-16
-6.98E-17
-7.44E-17
-2.76E-16
-2.80E-16
-4.10E-17
1.82E-16
5.14E-17
-3.25E-16
-5.98E-16
-5.94E-16
-4.55E-16
-5.68E-16
-8.82E-16
-1.06E-15
-9.63E-16
-7.49E-16
-7.30E-16
-9.74E-16
-1.08E-15
-8.75E-16
-5.08E-16
-3.43E-16
-4.86E-16
-6.09E-16
-4.88E-16
-1.97E-16
-4.97E-17
-2.39E-16
-4.26E-16
-3.86E-16
-2.04E-16
-1.30E-16
-4.32E-16
-7.84E-16
-8.62E-16
-6.68E-16
-4.79E-16
-6.40E-16
-8.82E-16
-9.10E-16
-6.87E-16
-4.41E-16
-5.32E-16
-7.62E-16
-7.96E-16
-5.83E-16
-3.51E-16
-4.19E-16
-6.90E-16
-7.87E-16
-6.16E-16
-3.71E-16
-3.91E-16
-6.52E-16
-8.08E-16
-7.12E-16
-4.88E-16
-5.03E-16
-7.89E-16
-9.60E-16
-8.61E-16
-6.49E-16
-6.31E-16
-9.11E-16
-1.14E-15
-1.09E-15
-8.40E-16
-7.33E-16
-9.44E-16
-1.12E-15
-1.05E-15
-7.88E-16
-6.18E-16
-7.92E-16
-9.79E-16
-9.29E-16
-6.72E-16
-4.54E-16
-6.02E-16
-8.32E-16
-8.47E-16
-6.30E-16
-4.11E-16
-5.46E-16
-8.14E-16
-8.94E-16
-7.23E-16
-5.06E-16
-6.07E-16
-8.84E-16
-1.01E-15
-8.66E-16
-6.36E-16
-6.74E-16
-9.25E-16
-1.04E-15
-8.69E-16
-6.03E-16
-5.87E-16
-8.27E-16
-9.61E-16
-8.07E-16
-5.01E-16
-4.07E-16
-6.09E-16
-7.58E-16
-6.55E-16
-4.07E-16
-3.24E-16
-5.84E-16
-8.16E-16
-7.90E-16
-5.93E-16
-5.03E-16
-7.63E-16
-1.06E-15
-1.10E-15
-8.96E-16
-7.35E-16
-8.99E-16
-1.12E-15
-1.13E-15
-9.14E-16
-6.99E-16
-8.02E-16
-1.01E-15
-1.01E-15
-7.65E-16
-5.00E-16
-5.49E-16
-7.72E-16
-8.31E-16
-6.32E-16
-3.62E-16
-3.88E-16
-6.35E-16
-7.43E-16
-5.80E-16
-3.28E-16
-3.24E-16
-5.85E-16
-7.36E-16
-5.97E-16
-3.32E-16
-2.82E-16
-5.44E-16
-7.46E-16
-6.86E-16
-4.62E-16
-3.80E-16
-6.16E-16
-7.94E-16
-7.21E-16
-4.72E-16
-3.12E-16
-4.75E-16
-6.57E-16
-6.18E-16
-3.68E-16
-1.53E-16
-2.79E-16
-4.57E-16
-4.45E-16
-2.32E-16
-4.89E-17
-2.27E-16
-5.03E-16
-5.69E-16
-3.92E-16
-2.09E-16
-3.53E-16
-6.31E-16
-7.46E-16
-5.96E-16
-3.71E-16
-4.32E-16
-6.73E-16
-7.58E-16
-5.79E-16
-3.17E-16
-3.02E-16
-5.38E-16
-6.70E-16
-5.15E-16
-2.46E-16
-2.02E-16
-4.54E-16
-6.42E-16
-5.71E-16
-3.58E-16
-3.00E-16
-5.51E-16
-7.52E-16
-6.91E-16
-4.58E-16
-3.31E-16
-5.18E-16
-7.15E-16
-6.82E-16
-4.36E-16
-2.45E-16
-3.78E-16
-5.46E-16
-5.05E-16
-2.59E-16
-7.36E-17
-2.22E-16
-4.72E-16
-5.01E-16
-2.93E-16
-9.36E-17
-2.30E-16
-5.01E-16
-6.06E-16
-4.61E-16
-2.86E-16
-4.06E-16
-7.10E-16
-8.38E-16
-6.65E-16
-4.04E-16
-3.81E-16
-6.03E-16
-7.37E-16
-5.83E-16
-2.97E-16
-2.26E-16
-4.30E-16
-5.43E-16
-4.09E-16
-1.75E-16
-1.22E-16
-3.76E-16
-5.90E-16
-5.14E-16
-2.51E-16
-1.12E-16
-2.90E-16
-4.87E-16
-4.71E-16
-2.84E-16
-1.60E-16
-3.69E-16
-6.01E-16
-5.91E-16
-3.65E-16
-2.00E-16
-3.72E-16
-6.31E-16
-6.58E-16
-4.21E-16
-1.92E-16
-2.99E-16
-5.39E-16
-6.27E-16
-4.64E-16
-2.45E-16
-3.20E-16
-5.74E-16
-6.64E-16
-4.84E-16
-2.55E-16
-2.87E-16
-5.58E-16
-7.14E-16
-5.68E-16
-2.99E-16
-2.49E-16
-4.45E-16
-5.84E-16
-4.66E-16
-2.19E-16
-1.41E-16
-3.69E-16
-5.07E-16
-3.89E-16
-1.24E-16
-2.15E-17
-2.35E-16
-4.80E-16
-4.82E-16
-2.84E-16
-1.72E-16
-3.93E-16
-6.49E-16
-6.87E-16
-5.06E-16
-3.75E-16
-5.60E-16
-8.16E-16
-8.31E-16
-5.73E-16
-3.25E-16
-3.88E-16
-5.73E-16
-5.90E-16
-3.53E-16
-8.73E-17
-1.28E-16
-3.53E-16
-4.26E-16
-2.56E-16
-3.84E-17
-9.81E-17
-3.98E-16
-5.79E-16
-4.98E-16
-3.13E-16
-3.73E-16
-6.85E-16
-8.92E-16
-8.46E-16
-6.65E-16
-6.60E-16
-9.37E-16
-1.11E-15
-9.85E-16
-6.79E-16
-5.19E-16
-6.84E-16
-8.34E-16
-7.44E-16
-4.30E-16
-2.13E-16
-3.46E-16
-4.96E-16
-4.49E-16
-2.28E-16
-7.99E-17
-2.85E-16
-5.87E-16
-6.66E-16
-5.04E-16
-3.76E-16
-5.83E-16
-9.18E-16
-1.05E-15
-9.13E-16
-7.22E-16
-8.19E-16
-1.06E-15
-1.10E-15
-8.40E-16
-5.18E-16
-4.51E-16
-6.06E-16
-6.21E-16
-3.51E-16
1.68E-17
1.11E-16
-1.11E-16
-2.77E-16
-2.00E-16
-1.86E-17
-6.36E-17
-4.28E-16
-7.13E-16
-7.34E-16
-6.11E-16
-6.33E-16
-9.73E-16
-1.25E-15
-1.24E-15
-1.00E-15
-8.23E-16
-9.52E-16
-1.09E-15
-9.94E-16
-6.92E-16